1              mean_Snowf_tavg     2 12111664.6799999997 12111664.6799999997
2               mean_Evap_tavg     1   908059.6627000000   908059.6627000000
3          mean_SnowDepth_inst     2   118723.3646500000   118723.3646500000
4                 mean_Qsm_acc     2    14035.1212350000    14035.1212350000
5             mean_Qair_f_inst     3     4560.5809266667     3785.8895570000
6              mean_ACond_tavg     1     1770.9809600000     1770.9809600000
7                mean_SWE_inst     2      791.4882671000      791.4882671000
8               mean_TVeg_tavg     1       26.7367184900       26.7367184900
9  mean_SoilTMP295_1295cm_inst     8       24.4492105107        1.8334821930
10            mean_Wind_f_inst     1        6.6842758340        6.6842758340
11            mean_Tair_f_inst     3        4.1187435027        4.1905309490
12          mean_AvgSurfT_inst     3        3.5315239857        3.5995963130
13             mean_SnowT_tavg     3        3.5270564220        3.5814411060
14     mean_SoilTMP0_10cm_inst     4        2.4781452287        2.7969272105
15  mean_SoilTMP144_295cm_inst     4        1.9299120335        1.6717128435
16    mean_SoilTMP10_29cm_inst     3        1.8431746980        1.9879814120
17   mean_SoilTMP68_144cm_inst     3        1.2098843223        0.9649049930
18    mean_SoilTMP29_68cm_inst     3        1.0366600330        1.1408514850
19                mean_Qh_tavg     3        0.4829002860        0.6783647010
20             mean_ESoil_tavg     1        0.3465032160        0.3465032160
21               mean_Qle_tavg     1        0.3344357530        0.3344357530
22          mean_LWdown_f_tavg     2        0.1628608260        0.1628608260
23             mean_Lwnet_tavg     1        0.0850679470        0.0850679470
24             mean_Swnet_tavg     1        0.0496085860        0.0496085860
25          mean_SWdown_f_tavg     2        0.0212663505        0.0212663505
26           mean_Psurf_f_inst     2        0.0001424245        0.0001424245
1                mean_TWS_inst     3      -0.0004797137      -0.000152148
2        mean_SoilMoist_P_inst     3      -0.0009100143      -0.001275794
3                mean_Qle_tavg     1      -0.0022699130      -0.002269913
4              mean_Lwnet_tavg     1      -0.0029265720      -0.002926572
5              mean_ESoil_tavg     1      -0.0034569680      -0.003456968
6           mean_LWdown_f_tavg     1      -0.0038408720      -0.003840872
7       mean_SoilMoist_RZ_inst     2      -0.0046516915      -0.004651692
8               mean_TVeg_tavg     1      -0.0093731240      -0.009373124
9            mean_Psurf_f_inst     1      -0.0217955180      -0.021795518
10       mean_SoilMoist_S_inst     2      -0.2236716380      -0.223671638
11            mean_ECanop_tavg     2      -4.0299161605      -4.029916161
12 mean_SoilTMP295_1295cm_inst     1     -23.0219929000     -23.021992900
13            mean_Qair_f_inst     1     -31.2453457700     -31.245345770
14            mean_Wind_f_inst     3     -32.7741472603     -45.262043870
15                 mean_Qs_acc     4    -313.0954486342    -386.611767650
16          mean_CanopInt_inst     2    -844.6170020500    -844.617002050
17              mean_Evap_tavg     2  -37315.6159355000  -37315.615935500
18           mean_Rainf_f_tavg     2 -456506.7995000000 -456506.799500000
19             mean_Rainf_tavg     2 -456739.7971500000 -456739.797150000
